Energy
-29453.3 
-29457.2 
-29464.8 
-29475.6 
-29488.7 
-29503.3 
-29518.5 
-29533.3 
-29547 
-29558.8 
-29568.3 
-29575.2 
-29579.5 
-29581.5 
-29581.6 
-29580.3 
-29578.2 
-29575.9 
-29574 
-29573 
-29573.3 
-29574.9 
-29577.7 
-29581.6 
-29586.1 
-29590.7 
-29594.8 
-29597.7 
-29599 
-29598.3 
-29595.3 
-29589.9 
-29582.3 
-29573 
-29562.4 
-29551.3 
-29540.4 
-29530.6 
-29522.7 
-29517.4 
-29515.1 
-29516 
-29520.3 
-29527.6 
-29537.5 
-29549.3 
-29562.1 
-29575.2 
-29587.6 
-29598.5 
-29607.5 
-29614 
-29617.9 
-29619.4 
-29618.7 
-29616.4 
-29613.1 
-29609.6 
-29606.5 
-29604.4 
-29603.9 
-29605.1 
-29608.2 
-29613 
-29619.1 
-29626 
-29633.1 
-29639.8 
-29645.5 
-29649.7 
-29652.1 
-29652.6 
-29651.2 
-29648.2 
-29644.2 
-29639.8 
-29635.7 
-29632.5 
-29631.1 
-29631.8 
-29635.1 
-29640.9 
-29649 
-29659.1 
-29670.2 
-29681.4 
-29691.6 
-29699.5 
-29704.1 
-29704.5 
-29700.1 
-29691 
-29677.8 
-29661.6 
-29644.1 
-29627.1 
-29612.4 
-29601.3 
-29594.6 
-29592.5 
-29594.6 
-29600.5 
-29609.4 
-29620.3 
-29632.5 
-29644.9 
-29656.5 
-29666.5 
-29673.9 
-29678.4 
-29679.6 
-29677.7 
-29673.2 
-29666.7 
-29659.1 
-29651.3 
-29644.3 
-29638.7 
-29635.1 
-29633.7 
-29634.4 
-29636.9 
-29640.8 
-29645.4 
-29649.9 
-29653.8 
-29656.2 
-29656.8 
-29655.3 
-29651.7 
-29646.1 
-29639 
-29631 
-29622.7 
-29615.1 
-29608.7 
-29604.3 
-29602.4 
-29603.1 
-29606.6 
-29612.6 
-29620.4 
-29629.6 
-29639.1 
-29648 
-29655.5 
-29660.7 
-29663.1 
-29662.3 
-29658.2 
-29651.1 
-29641.6 
-29630.4 
-29618.6 
-29607.2 
-29597.2 
-29589.6 
-29585 
-29583.9 
-29586.2 
